{
 "cells": [
  {
   "cell_type": "code",
   "execution_count": 157,
   "metadata": {},
   "outputs": [],
   "source": [
    "import torch as tr \n",
    "import numpy as np\n",
    "from torch.autograd import Variable\n",
    "from torch import optim\n",
    "from sklearn.utils.extmath import fast_logdet\n",
    "from sklearn.datasets import make_sparse_spd_matrix"
   ]
  },
  {
   "cell_type": "code",
   "execution_count": 2,
   "metadata": {},
   "outputs": [],
   "source": [
    "random_state=0"
   ]
  },
  {
   "cell_type": "code",
   "execution_count": 49,
   "metadata": {},
   "outputs": [],
   "source": [
    "A = make_sparse_spd_matrix(dim=15, alpha=0.7, random_state=random_state)"
   ]
  },
  {
   "cell_type": "code",
   "execution_count": null,
   "metadata": {},
   "outputs": [],
   "source": []
  },
  {
   "cell_type": "code",
   "execution_count": 65,
   "metadata": {},
   "outputs": [
    {
     "data": {
      "text/plain": [
       "((10, 10), (5, 10), (5, 5))"
      ]
     },
     "execution_count": 65,
     "metadata": {},
     "output_type": "execute_result"
    }
   ],
   "source": [
    "T_true = A[5:,5:]\n",
    "K_true = A[10:,5:,]\n",
    "H_true = A[0:5,0:5]\n",
    "T_true.shape, K_true.shape, H_true.shape"
   ]
  },
  {
   "cell_type": "code",
   "execution_count": 66,
   "metadata": {},
   "outputs": [],
   "source": [
    "per_cov = K_true*0.05\n",
    "T_obs = T_true - per_cov.T.dot(H_true).dot(per_cov)"
   ]
  },
  {
   "cell_type": "code",
   "execution_count": 67,
   "metadata": {},
   "outputs": [],
   "source": [
    "samples = np.random.multivariate_normal(np.zeros(10), np.linalg.inv(T_obs), 50)"
   ]
  },
  {
   "cell_type": "code",
   "execution_count": 68,
   "metadata": {},
   "outputs": [],
   "source": [
    "S = Variable(tr.from_numpy(samples.T.dot(samples)/50))\n"
   ]
  },
  {
   "cell_type": "code",
   "execution_count": 88,
   "metadata": {},
   "outputs": [],
   "source": [
    "_lambda=100\n",
    "_mu=10"
   ]
  },
  {
   "cell_type": "code",
   "execution_count": 133,
   "metadata": {},
   "outputs": [],
   "source": [
    "# def loss_func(S, T, K, H, _lambda, _mu):\n",
    "#     loss = 0\n",
    "#     Hinv = H.inverse().double()\n",
    "#     Hinv.type(tr.DoubleTensor)\n",
    "#     T = T.double()\n",
    "#     H = H.double()\n",
    "#     R = T - tr.matmul(tr.matmul(tr.t(K).double(), Hinv),K.double())\n",
    "#     loss += - R.logdet() + tr.trace(tr.matmul(S,R))\n",
    "#     loss += _lambda*tr.norm(T, 1)\n",
    "#     loss += _mu*tr.norm(H, 1)\n",
    "#     return loss\n",
    "\n",
    "def nuclear_norm(A):\n",
    "    _, S_, V = tr.svd(A)\n",
    "    return tr.sum(S)\n",
    "\n",
    "def loss_func(S, T, L, _lambda, _mu):\n",
    "    loss = 0\n",
    "    T = T.double()\n",
    "    L = L.double()\n",
    "    LLT = tr.matmul(L, tr.t(L))\n",
    "    R = T - LLT\n",
    "    loss += - R.logdet() + tr.trace(tr.matmul(S,R))\n",
    "    loss += _lambda*tr.norm(T, 1)\n",
    "    loss += _mu*nuclear_norm(LLT)\n",
    "    return loss"
   ]
  },
  {
   "cell_type": "code",
   "execution_count": 130,
   "metadata": {},
   "outputs": [],
   "source": [
    "tr.distributions.constraints.positive_definite??"
   ]
  },
  {
   "cell_type": "code",
   "execution_count": 176,
   "metadata": {},
   "outputs": [],
   "source": [
    "K = Variable(tr.from_numpy(per_cov), )\n",
    "H = Variable(tr.randn(5,5), requires_grad=True)\n",
    "T = Variable(tr.randn(10,10), requires_grad=True)\n",
    "# for epoch in range(5000):\n",
    "\n",
    "#     # Calcola funzione costo\n",
    "#     loss = loss_func(S, T, K, H, _lambda, _mu)\n",
    "\n",
    "#     # Esegui back-propagation\n",
    "#     loss.backward()\n",
    "\n",
    "#     # Aggiorna le variabili\n",
    "#     H.data = H.data - 0.0005*H.grad.data\n",
    "#     T.data = T.data - 0.0005*T.grad.data\n",
    "#     # Resetta il gradiente\n",
    "#     H.grad.data.zero_()\n",
    "#     T.grad.data.zero_()\n",
    "\n",
    "\n",
    "L = Variable(tr.from_numpy(make_sparse_spd_matrix(dim=10, alpha=0.5)))\n",
    "L = Variable(tr.potrf(L, upper=False), requires_grad=True)\n",
    "optimizer = optim.SGD([K, L], lr = 0.01, momentum=0.1)\n",
    "\n",
    "for epoch in range(1000):\n",
    "    optimizer.zero_grad()\n",
    "    #output = model(input)\n",
    "    loss = loss_func(S, T, L, _lambda, _mu)\n",
    "    loss.backward()\n",
    "    optimizer.step()\n"
   ]
  },
  {
   "cell_type": "code",
   "execution_count": 177,
   "metadata": {},
   "outputs": [
    {
     "data": {
      "text/plain": [
       "array([[ 1.6240873 ,  0.        ,  0.5903708 ,  0.13373913,  1.2193832 ],\n",
       "       [ 1.0871108 ,  0.5186936 ,  0.33555445,  0.89693993, -0.40317497],\n",
       "       [ 0.38041613,  0.21467547,  1.0133914 ,  0.3741619 , -0.25600353],\n",
       "       [-0.10021899,  0.74725634, -0.69336694, -1.636791  , -0.36241144],\n",
       "       [-0.6807566 ,  0.        ,  0.39597255, -1.7683268 , -1.3137127 ]],\n",
       "      dtype=float32)"
      ]
     },
     "execution_count": 177,
     "metadata": {},
     "output_type": "execute_result"
    }
   ],
   "source": [
    "Hn = H.detach().numpy()\n",
    "Hn[np.where(np.abs(Hn)<1e-1)] =0\n",
    "Hn"
   ]
  },
  {
   "cell_type": "code",
   "execution_count": 183,
   "metadata": {},
   "outputs": [
    {
     "data": {
      "text/plain": [
       "tensor([[ 1.0192, -0.7289,  0.3443,  0.5341, -2.1659, -0.1782, -0.6823, -3.1568,\n",
       "          0.3384, -0.8781],\n",
       "        [-0.6219,  0.3657, -0.6669, -0.2787,  0.3175, -1.9974,  0.1566,  2.0622,\n",
       "          0.0768, -1.7206],\n",
       "        [ 0.1202, -0.3254,  0.1035, -0.3413,  0.5194,  0.0782, -0.6197, -0.4847,\n",
       "         -0.2961,  0.7022],\n",
       "        [-1.2544,  0.3659, -0.5154, -0.0814,  0.1421,  0.5306,  1.2642,  2.0209,\n",
       "         -1.4307,  1.1689],\n",
       "        [ 0.2032, -0.1543,  0.8386,  0.8626, -0.9450,  1.6023,  0.3435, -0.1113,\n",
       "         -0.1165,  0.6055],\n",
       "        [ 0.0140, -0.8883, -0.0892, -0.1527,  0.2615, -0.3761,  1.1188,  1.6171,\n",
       "         -0.1341, -0.0950],\n",
       "        [ 0.4135,  0.2405,  0.4341,  1.3034, -0.5228, -0.1207,  0.4392, -0.1647,\n",
       "         -1.1947,  1.8330],\n",
       "        [ 2.1331,  1.0956, -0.6838, -1.3670, -0.7854, -0.6755, -1.0032,  0.4987,\n",
       "         -1.5549,  0.0940],\n",
       "        [-0.9762,  1.1049, -0.1702, -0.2647,  0.2828,  0.8422,  1.4925, -1.0189,\n",
       "         -0.8575,  0.1200],\n",
       "        [ 0.7654, -0.8334, -1.1471,  0.5564,  1.6592, -1.6749, -1.6938, -0.6689,\n",
       "         -0.7116, -0.0512]], requires_grad=True)"
      ]
     },
     "execution_count": 183,
     "metadata": {},
     "output_type": "execute_result"
    }
   ],
   "source": [
    "T"
   ]
  },
  {
   "cell_type": "code",
   "execution_count": 184,
   "metadata": {},
   "outputs": [
    {
     "data": {
      "text/plain": [
       "array([[ 1.        ,  0.        , -0.16673795,  0.        ,  0.        ,\n",
       "        -0.88199611,  0.        ,  0.        ,  0.        ,  0.        ],\n",
       "       [ 0.        ,  2.04044801,  0.        , -0.63593324,  0.        ,\n",
       "         0.        , -0.32538408,  0.        ,  0.27733968, -0.72812233],\n",
       "       [-0.16673795,  0.        ,  1.32129891,  0.        ,  0.        ,\n",
       "         0.14706222,  0.        ,  0.        ,  0.        ,  0.        ],\n",
       "       [ 0.        , -0.63593324,  0.        ,  1.        ,  0.        ,\n",
       "         0.        ,  0.        ,  0.        ,  0.        ,  0.        ],\n",
       "       [ 0.        ,  0.        ,  0.        ,  0.        ,  1.        ,\n",
       "         0.        ,  0.        ,  0.        ,  0.        ,  0.        ],\n",
       "       [-0.88199611,  0.        ,  0.14706222,  0.        ,  0.        ,\n",
       "         2.55713568,  0.44253476, -0.8012042 ,  0.        ,  0.        ],\n",
       "       [ 0.        , -0.32538408,  0.        ,  0.        ,  0.        ,\n",
       "         0.44253476,  1.30507622, -0.55233705, -0.85234556,  0.        ],\n",
       "       [ 0.        ,  0.        ,  0.        ,  0.        ,  0.        ,\n",
       "        -0.8012042 , -0.55233705,  1.        ,  0.        ,  0.        ],\n",
       "       [ 0.        ,  0.27733968,  0.        ,  0.        ,  0.        ,\n",
       "         0.        , -0.85234556,  0.        ,  1.87432565,  0.        ],\n",
       "       [ 0.        , -0.72812233,  0.        ,  0.        ,  0.        ,\n",
       "         0.        ,  0.        ,  0.        ,  0.        ,  1.        ]])"
      ]
     },
     "execution_count": 184,
     "metadata": {},
     "output_type": "execute_result"
    }
   ],
   "source": [
    "T_true"
   ]
  },
  {
   "cell_type": "code",
   "execution_count": 185,
   "metadata": {},
   "outputs": [
    {
     "data": {
      "text/plain": [
       "array([[ 2.37597182e-03,  0.00000000e+00, -3.96164667e-04,\n",
       "         0.00000000e+00,  0.00000000e+00, -6.88855909e-03,\n",
       "        -1.19212558e-03,  2.15832992e-03,  0.00000000e+00,\n",
       "         0.00000000e+00],\n",
       "       [ 0.00000000e+00,  5.19474519e-03,  0.00000000e+00,\n",
       "         0.00000000e+00,  0.00000000e+00, -2.64582991e-03,\n",
       "        -6.39191241e-03,  3.30231659e-03,  5.80784117e-03,\n",
       "        -5.09312291e-03],\n",
       "       [-3.96164667e-04,  0.00000000e+00,  6.60556839e-05,\n",
       "         0.00000000e+00,  0.00000000e+00,  1.14858421e-03,\n",
       "         1.98772573e-04, -3.59875503e-04,  0.00000000e+00,\n",
       "         0.00000000e+00],\n",
       "       [ 0.00000000e+00,  0.00000000e+00,  0.00000000e+00,\n",
       "         0.00000000e+00,  0.00000000e+00,  0.00000000e+00,\n",
       "         0.00000000e+00,  0.00000000e+00,  0.00000000e+00,\n",
       "         0.00000000e+00],\n",
       "       [ 0.00000000e+00,  0.00000000e+00,  0.00000000e+00,\n",
       "         0.00000000e+00,  0.00000000e+00,  0.00000000e+00,\n",
       "         0.00000000e+00,  0.00000000e+00,  0.00000000e+00,\n",
       "         0.00000000e+00],\n",
       "       [-6.88855909e-03, -2.64582991e-03,  1.14858421e-03,\n",
       "         0.00000000e+00,  0.00000000e+00,  2.25940438e-02,\n",
       "         7.70672496e-03, -9.53053557e-03, -2.27509745e-03,\n",
       "         2.54219395e-03],\n",
       "       [-1.19212558e-03, -6.39191241e-03,  1.98772573e-04,\n",
       "         0.00000000e+00,  0.00000000e+00,  7.70672496e-03,\n",
       "         1.51008500e-02, -6.38799431e-03, -1.58804071e-02,\n",
       "         3.60708242e-03],\n",
       "       [ 2.15832992e-03,  3.30231659e-03, -3.59875503e-04,\n",
       "         0.00000000e+00,  0.00000000e+00, -9.53053557e-03,\n",
       "        -6.38799431e-03,  6.04569632e-03,  2.83959753e-03,\n",
       "        -3.17296634e-03],\n",
       "       [ 0.00000000e+00,  5.80784117e-03,  0.00000000e+00,\n",
       "         0.00000000e+00,  0.00000000e+00, -2.27509745e-03,\n",
       "        -1.58804071e-02,  2.83959753e-03,  2.45490316e-02,\n",
       "        -1.58070514e-03],\n",
       "       [ 0.00000000e+00, -5.09312291e-03,  0.00000000e+00,\n",
       "         0.00000000e+00,  0.00000000e+00,  2.54219395e-03,\n",
       "         3.60708242e-03, -3.17296634e-03, -1.58070514e-03,\n",
       "         6.16611575e-03]])"
      ]
     },
     "execution_count": 185,
     "metadata": {},
     "output_type": "execute_result"
    }
   ],
   "source": [
    "Ltrue"
   ]
  },
  {
   "cell_type": "code",
   "execution_count": 186,
   "metadata": {},
   "outputs": [
    {
     "data": {
      "text/plain": [
       "array([[-6.29144052e+90,  1.81053712e+92,  3.58130095e+90,\n",
       "         1.74254688e+92, -6.32252621e+91, -2.11328574e+90,\n",
       "         2.28075715e+92,  1.78533792e+92,  7.20316049e+91,\n",
       "         1.45554103e+92],\n",
       "       [ 1.81053712e+92, -5.21032449e+93, -1.03061903e+92,\n",
       "        -5.01466366e+93,  1.81948289e+93,  6.08156790e+91,\n",
       "        -6.56351350e+93, -5.13780678e+93, -2.07290992e+93,\n",
       "        -4.18872445e+93],\n",
       "       [ 3.58130095e+90, -1.03061903e+92, -2.03859775e+90,\n",
       "        -9.91916681e+91,  3.59899597e+91,  1.20295379e+90,\n",
       "        -1.29828419e+92, -1.01627479e+92, -4.10028282e+91,\n",
       "        -8.28543235e+91],\n",
       "       [ 1.74254688e+92, -5.01466366e+93, -9.91916681e+91,\n",
       "        -4.82635039e+93,  1.75115672e+93,  5.85318968e+91,\n",
       "        -6.31703700e+93, -4.94486917e+93, -1.99506692e+93,\n",
       "        -4.03142727e+93],\n",
       "       [-6.32252621e+91,  1.81948289e+93,  3.59899597e+91,\n",
       "         1.75115672e+93, -6.35376549e+92, -2.12372738e+91,\n",
       "         2.29202625e+93,  1.79415918e+93,  7.23875094e+92,\n",
       "         1.46273279e+93],\n",
       "       [-2.11328574e+90,  6.08156790e+91,  1.20295379e+90,\n",
       "         5.85318968e+91, -2.12372738e+91, -7.09849611e+89,\n",
       "         7.66103015e+91,  5.99692415e+91,  2.41953115e+91,\n",
       "         4.88914120e+91],\n",
       "       [ 2.28075715e+92, -6.56351350e+93, -1.29828419e+92,\n",
       "        -6.31703700e+93,  2.29202625e+93,  7.66103015e+91,\n",
       "        -8.26814328e+93, -6.47216199e+93, -2.61127157e+93,\n",
       "        -5.27659064e+93],\n",
       "       [ 1.78533792e+92, -5.13780678e+93, -1.01627479e+92,\n",
       "        -4.94486917e+93,  1.79415918e+93,  5.99692415e+91,\n",
       "        -6.47216199e+93, -5.06629837e+93, -2.04405899e+93,\n",
       "        -4.13042545e+93],\n",
       "       [ 7.20316049e+91, -2.07290992e+93, -4.10028282e+91,\n",
       "        -1.99506692e+93,  7.23875094e+92,  2.41953115e+91,\n",
       "        -2.61127157e+93, -2.04405899e+93, -8.24700177e+92,\n",
       "        -1.66646981e+93],\n",
       "       [ 1.45554103e+92, -4.18872445e+93, -8.28543235e+91,\n",
       "        -4.03142727e+93,  1.46273279e+93,  4.88914120e+91,\n",
       "        -5.27659064e+93, -4.13042545e+93, -1.66646981e+93,\n",
       "        -3.36743182e+93]])"
      ]
     },
     "execution_count": 186,
     "metadata": {},
     "output_type": "execute_result"
    }
   ],
   "source": [
    "Ltrue - tr.matmul(L, tr.t(L)).detach().numpy()"
   ]
  },
  {
   "cell_type": "code",
   "execution_count": 187,
   "metadata": {},
   "outputs": [
    {
     "ename": "NameError",
     "evalue": "name 'Kn' is not defined",
     "output_type": "error",
     "traceback": [
      "\u001b[0;31m---------------------------------------------------------------------------\u001b[0m",
      "\u001b[0;31mNameError\u001b[0m                                 Traceback (most recent call last)",
      "\u001b[0;32m<ipython-input-187-01a303597fd8>\u001b[0m in \u001b[0;36m<module>\u001b[0;34m()\u001b[0m\n\u001b[1;32m      5\u001b[0m     \u001b[0mI\u001b[0m \u001b[0;34m=\u001b[0m \u001b[0mnp\u001b[0m\u001b[0;34m.\u001b[0m\u001b[0mzeros\u001b[0m\u001b[0;34m(\u001b[0m\u001b[0;34m(\u001b[0m\u001b[0;36m3\u001b[0m\u001b[0;34m,\u001b[0m\u001b[0;36m3\u001b[0m\u001b[0;34m)\u001b[0m\u001b[0;34m)\u001b[0m\u001b[0;34m\u001b[0m\u001b[0m\n\u001b[1;32m      6\u001b[0m     \u001b[0mI\u001b[0m\u001b[0;34m[\u001b[0m\u001b[0mi\u001b[0m\u001b[0;34m,\u001b[0m\u001b[0mj\u001b[0m\u001b[0;34m]\u001b[0m \u001b[0;34m=\u001b[0m \u001b[0;36m1\u001b[0m\u001b[0;34m\u001b[0m\u001b[0m\n\u001b[0;32m----> 7\u001b[0;31m     \u001b[0msumm\u001b[0m\u001b[0;34m[\u001b[0m\u001b[0mi\u001b[0m\u001b[0;34m,\u001b[0m\u001b[0mj\u001b[0m\u001b[0;34m]\u001b[0m \u001b[0;34m=\u001b[0m \u001b[0mKn\u001b[0m\u001b[0;34m.\u001b[0m\u001b[0mdot\u001b[0m\u001b[0;34m(\u001b[0m\u001b[0mRn\u001b[0m \u001b[0;34m-\u001b[0m \u001b[0mTn\u001b[0m \u001b[0;34m+\u001b[0m \u001b[0mKn\u001b[0m\u001b[0;34m.\u001b[0m\u001b[0mT\u001b[0m\u001b[0;34m.\u001b[0m\u001b[0mdot\u001b[0m\u001b[0;34m(\u001b[0m\u001b[0mHninv\u001b[0m\u001b[0;34m)\u001b[0m\u001b[0;34m.\u001b[0m\u001b[0mdot\u001b[0m\u001b[0;34m(\u001b[0m\u001b[0mKn\u001b[0m\u001b[0;34m)\u001b[0m\u001b[0;34m)\u001b[0m\u001b[0;34m.\u001b[0m\u001b[0mdot\u001b[0m\u001b[0;34m(\u001b[0m\u001b[0mKn\u001b[0m\u001b[0;34m.\u001b[0m\u001b[0mT\u001b[0m\u001b[0;34m)\u001b[0m\u001b[0;34m.\u001b[0m\u001b[0mdot\u001b[0m\u001b[0;34m(\u001b[0m\u001b[0;34m(\u001b[0m\u001b[0;34m-\u001b[0m\u001b[0mHninv\u001b[0m\u001b[0;34m)\u001b[0m\u001b[0;34m.\u001b[0m\u001b[0mdot\u001b[0m\u001b[0;34m(\u001b[0m\u001b[0mI\u001b[0m\u001b[0;34m)\u001b[0m\u001b[0;34m.\u001b[0m\u001b[0mdot\u001b[0m\u001b[0;34m(\u001b[0m\u001b[0mHninv\u001b[0m\u001b[0;34m)\u001b[0m\u001b[0;34m)\u001b[0m\u001b[0;34m\u001b[0m\u001b[0m\n\u001b[0m",
      "\u001b[0;31mNameError\u001b[0m: name 'Kn' is not defined"
     ]
    }
   ],
   "source": [
    "from itertools import product\n",
    "summ = np.zeros((3,3))\n",
    "\n",
    "for i,j in product(range(3), range(3)):\n",
    "    I = np.zeros((3,3))\n",
    "    I[i,j] = 1\n",
    "    summ[i,j] = Kn.dot(Rn - Tn + Kn.T.dot(Hninv).dot(Kn)).dot(Kn.T).dot((-Hninv).dot(I).dot(Hninv))"
   ]
  },
  {
   "cell_type": "code",
   "execution_count": null,
   "metadata": {},
   "outputs": [],
   "source": [
    "summ"
   ]
  },
  {
   "cell_type": "code",
   "execution_count": null,
   "metadata": {},
   "outputs": [],
   "source": [
    "Kn = K.numpy()\n",
    "Hn = H.detach().numpy()\n",
    "Rn = R.numpy()\n",
    "Tn = T.numpy()"
   ]
  },
  {
   "cell_type": "code",
   "execution_count": null,
   "metadata": {},
   "outputs": [],
   "source": [
    "np.linalg.norm(Rn - Tn + Kn.T.dot(np.linalg.inv(Hn)).dot(Kn))**2"
   ]
  },
  {
   "cell_type": "code",
   "execution_count": null,
   "metadata": {},
   "outputs": [],
   "source": [
    "Hninv = np.linalg.inv(Hn)\n",
    "I = np.zeros((3,3))\n",
    "I[1,1] = 1\n",
    "Kn.dot(Rn - Tn + Kn.T.dot(Hninv).dot(Kn)).dot(Kn.T).dot((-Hninv.T).dot(I).dot(Hninv))"
   ]
  },
  {
   "cell_type": "code",
   "execution_count": null,
   "metadata": {},
   "outputs": [],
   "source": [
    "Hninv = np.linalg.inv(Hn)\n",
    "(-Hninv).dot(np.ones((3,3))).dot(Hninv).dot(Kn.dot(Rn - Tn + Kn.T.dot(Hninv).dot(Kn)).dot(Kn.T))"
   ]
  },
  {
   "cell_type": "code",
   "execution_count": null,
   "metadata": {},
   "outputs": [],
   "source": [
    "Hninv"
   ]
  },
  {
   "cell_type": "code",
   "execution_count": null,
   "metadata": {},
   "outputs": [],
   "source": []
  },
  {
   "cell_type": "code",
   "execution_count": 200,
   "metadata": {},
   "outputs": [],
   "source": [
    "A = Variable(tr.from_numpy(np.random.rand(5,5)))\n",
    "K = Variable(tr.from_numpy(np.random.rand(10,5)))\n",
    "B = Variable(tr.from_numpy(make_sparse_spd_matrix(10, alpha=0.3)), requires_grad=True)"
   ]
  },
  {
   "cell_type": "code",
   "execution_count": 201,
   "metadata": {},
   "outputs": [
    {
     "name": "stdout",
     "output_type": "stream",
     "text": [
      "tensor([[   -485.4929,   -1204.8520,    -778.2334,   -2689.1866,    -926.9998,\n",
      "           -3105.7977,    -549.1175,   -7924.8030,   -1133.7194,   -3428.2247],\n",
      "        [  -1204.8588,   -2990.1101,   -1931.3601,   -6673.8166,   -2300.5573,\n",
      "           -7707.7310,   -1362.7585,  -19667.1693,   -2813.5777,   -8507.9054],\n",
      "        [   -778.2310,   -1931.3434,   -1247.4861,   -4310.6883,   -1485.9542,\n",
      "           -4978.5052,    -880.2206,  -12703.2320,   -1817.3192,   -5495.3454],\n",
      "        [  -2689.1922,   -6673.7930,   -4310.7106,  -14895.6654,   -5134.7422,\n",
      "          -17203.3158,   -3041.6161,  -43896.2550,   -6279.7816,  -18989.2700],\n",
      "        [   -927.0016,   -2300.5488,   -1485.9616,   -5134.7414,   -1770.0166,\n",
      "           -5930.2207,   -1048.4874,  -15131.6454,   -2164.7273,   -6545.8635],\n",
      "        [  -3105.7957,   -7707.6827,   -4978.5172,  -17203.2688,   -5930.2054,\n",
      "          -19868.4175,   -3512.8184,  -50696.5682,   -7252.6310,  -21931.0458],\n",
      "        [   -549.1164,   -1362.7482,    -880.2214,   -3041.6036,   -1048.4833,\n",
      "           -3512.8135,    -621.0808,   -8963.3488,   -1282.2926,   -3877.4929],\n",
      "        [  -7924.8191,  -19667.0983,  -12703.2964,  -43896.2516,  -15131.6467,\n",
      "          -50696.7029,   -8963.3849, -129358.5128,  -18505.9789,  -55959.7551],\n",
      "        [  -1133.7246,   -2813.5747,   -1817.3331,   -6279.7973,   -2164.7331,\n",
      "           -7252.6690,   -1282.3011,  -18506.0266,   -2647.4653,   -8005.6019],\n",
      "        [  -3428.2366,   -8507.8868,   -5495.3811,  -18989.2957,   -6545.8734,\n",
      "          -21931.1354,   -3877.5140,  -55959.8349,   -8005.5927,  -24207.9060]],\n",
      "       dtype=torch.float64)\n"
     ]
    }
   ],
   "source": [
    "loss = tr.norm(A - tr.matmul(tr.matmul(tr.t(K), B.inverse()),K))\n",
    "loss.backward()\n",
    "print(B.grad.data)"
   ]
  },
  {
   "cell_type": "code",
   "execution_count": 207,
   "metadata": {},
   "outputs": [],
   "source": [
    "An = A.numpy()\n",
    "Kn = K.numpy()\n",
    "Bn = B.detach().numpy()"
   ]
  },
  {
   "cell_type": "code",
   "execution_count": 203,
   "metadata": {},
   "outputs": [
    {
     "data": {
      "text/plain": [
       "array([[6.29671404e+06, 1.57595191e+07, 1.03771952e+07, 3.57161552e+07,\n",
       "        1.22543608e+07, 4.11145125e+07, 7.09959077e+06, 1.05241375e+08,\n",
       "        1.51538745e+07, 4.53539937e+07],\n",
       "       [4.57563504e+06, 1.14519755e+07, 7.54079964e+06, 2.59538693e+07,\n",
       "        8.90488043e+06, 2.98766960e+07, 5.15906254e+06, 7.64757833e+07,\n",
       "        1.10118706e+07, 3.29574010e+07],\n",
       "       [2.81486134e+06, 7.04508146e+06, 4.63898590e+06, 1.59664242e+07,\n",
       "        5.47814678e+06, 1.83796909e+07, 3.17377882e+06, 4.70467385e+07,\n",
       "        6.77433375e+06, 2.02748901e+07],\n",
       "       [5.43614582e+06, 1.36056746e+07, 8.95894997e+06, 3.08348490e+07,\n",
       "        1.05795643e+07, 3.54954159e+07, 6.12929366e+06, 9.08580966e+07,\n",
       "        1.30828032e+07, 3.91554895e+07],\n",
       "       [4.06188673e+06, 1.01661572e+07, 6.69412534e+06, 2.30397898e+07,\n",
       "        7.90504769e+06, 2.65221665e+07, 4.57980829e+06, 6.78891458e+07,\n",
       "        9.77546607e+06, 2.92569704e+07],\n",
       "       [6.22723760e+06, 1.55856320e+07, 1.02626959e+07, 3.53220690e+07,\n",
       "        1.21191484e+07, 4.06608650e+07, 7.02125714e+06, 1.04080162e+08,\n",
       "        1.49866683e+07, 4.48535652e+07],\n",
       "       [4.99345517e+06, 1.24977016e+07, 8.22938137e+06, 2.83238206e+07,\n",
       "        9.71802069e+06, 3.26048600e+07, 5.63015936e+06, 8.34590958e+07,\n",
       "        1.20174073e+07, 3.59668724e+07],\n",
       "       [6.88289212e+06, 1.72266161e+07, 1.13432365e+07, 3.90410674e+07,\n",
       "        1.33951524e+07, 4.49419743e+07, 7.76051219e+06, 1.15038578e+08,\n",
       "        1.65645887e+07, 4.95761186e+07],\n",
       "       [3.57657009e+06, 8.95149835e+06, 5.89430707e+06, 2.02869833e+07,\n",
       "        6.96054802e+06, 2.33532817e+07, 4.03260884e+06, 5.97777112e+07,\n",
       "        8.60748855e+06, 2.57613314e+07],\n",
       "       [8.24237819e+06, 2.06291599e+07, 1.35837149e+07, 4.67523307e+07,\n",
       "        1.60409186e+07, 5.38187638e+07, 9.29334193e+06, 1.37760618e+08,\n",
       "        1.98363722e+07, 5.93682302e+07]])"
      ]
     },
     "execution_count": 203,
     "metadata": {},
     "output_type": "execute_result"
    }
   ],
   "source": [
    "par = An - np.linalg.multi_dot((Kn.T, np.linalg.inv(Bn), Kn))\n",
    "BB = np.linalg.inv(Bn).dot(np.linalg.inv(Bn))\n",
    "- Kn.dot(par).dot(Kn.T).dot(BB)"
   ]
  },
  {
   "cell_type": "code",
   "execution_count": 219,
   "metadata": {},
   "outputs": [
    {
     "name": "stdout",
     "output_type": "stream",
     "text": [
      "tensor([[-49.9944, -37.2964, -26.8515, -41.2867, -37.3637, -52.9227, -40.6074,\n",
      "         -53.7665, -29.2351, -64.7759],\n",
      "        [-37.7227, -28.9131, -21.4431, -30.7809, -29.3259, -40.5946, -31.4546,\n",
      "         -41.1206, -22.2114, -49.2336],\n",
      "        [-26.2849, -20.9902, -17.5555, -21.0892, -22.4343, -30.2312, -24.3956,\n",
      "         -29.8138, -15.6739, -34.9051],\n",
      "        [-41.3257, -30.4623, -21.6197, -34.3436, -30.2926, -43.4428, -33.2672,\n",
      "         -44.2324, -24.0795, -53.4162],\n",
      "        [-36.9511, -28.7874, -22.5674, -29.9080, -29.9548, -40.9123, -32.1892,\n",
      "         -40.9051, -21.8853, -48.5196],\n",
      "        [-52.3189, -39.7614, -30.4752, -42.9073, -40.8821, -57.1511, -44.7857,\n",
      "         -57.3510, -30.7633, -68.3296],\n",
      "        [-40.3463, -31.0977, -24.6569, -32.9882, -32.3441, -44.9622, -35.8298,\n",
      "         -44.8689, -23.7899, -53.0762],\n",
      "        [-53.9849, -41.0019, -30.5213, -44.3168, -41.5765, -58.2150, -45.3060,\n",
      "         -58.8359, -31.6993, -70.4311],\n",
      "        [-29.1911, -21.9266, -15.9642, -24.0220, -22.0851, -31.0709, -23.8964,\n",
      "         -31.5048, -17.1058, -37.8833],\n",
      "        [-65.1023, -48.9364, -35.6823, -53.6328, -49.2347, -69.3935, -53.5590,\n",
      "         -70.4053, -38.1314, -84.5923]],\n",
      "       dtype=torch.float64, grad_fn=<MmBackward>)\n",
      "tensor([[     18.3761,    -828.9598,    -507.6105,   -2273.0781,    -550.4292,\n",
      "           -2572.4162,    -139.8556,   -7382.9167,    -839.0735,   -2775.3800],\n",
      "        [   -824.6707,   -2698.7088,   -1715.2461,   -6363.5910,   -2004.9962,\n",
      "           -7298.5983,   -1045.7430,  -19252.7349,   -2589.7202,   -8011.7036],\n",
      "        [   -513.3179,   -1719.7935,   -1070.5531,   -4098.1402,   -1259.8501,\n",
      "           -4673.8195,    -634.3492,  -12402.7538,   -1659.3493,   -5143.5539],\n",
      "        [  -2272.6912,   -6366.7785,   -4092.8165,  -14549.5331,   -4829.4379,\n",
      "          -16765.4775,   -2706.3325,  -43450.4587,   -6037.0960,  -18450.9145],\n",
      "        [   -554.5892,   -2010.4144,   -1258.5157,   -4833.3138,   -1468.1165,\n",
      "           -5517.8856,    -724.0684,  -14719.3825,   -1944.1563,   -6056.8579],\n",
      "        [  -2578.4993,   -7306.9466,   -4671.3722,  -16770.8272,   -5518.1744,\n",
      "          -19292.4200,   -3061.4450,  -50118.5553,   -6942.5829,  -21242.3857],\n",
      "        [   -142.4856,   -1049.3302,    -631.7164,   -2709.1317,    -722.5034,\n",
      "           -3059.6613,    -259.9695,   -8511.1376,   -1042.5258,   -3342.5643],\n",
      "        [  -7380.7313,  -19253.8603,  -12395.6871,  -43449.6042,  -14712.6171,\n",
      "          -50109.9827,   -8506.7675, -128765.5342,  -18186.4973,  -55249.9148],\n",
      "        [   -839.5221,   -2592.5873,   -1656.4380,   -6037.6914,   -1942.1477,\n",
      "           -6939.5209,   -1041.4607,  -18188.5048,   -2475.0647,   -7623.7943],\n",
      "        [  -2772.1025,   -8014.6805,   -5135.7568,  -18448.7573,   -6049.6614,\n",
      "          -21231.7522,   -3337.7196,  -55250.2541,   -7621.2846,  -23355.3420]],\n",
      "       dtype=torch.float64)\n"
     ]
    }
   ],
   "source": [
    "loss = tr.norm((A - tr.matmul(tr.t(K), tr.matmul(B ,K))))**2\n",
    "loss.backward()\n",
    "print(tr.matmul((K), tr.matmul((A - tr.matmul(tr.t(K), tr.matmul(B ,K))), tr.t(K))))\n",
    "print(B.grad.data)"
   ]
  },
  {
   "cell_type": "code",
   "execution_count": 217,
   "metadata": {},
   "outputs": [
    {
     "name": "stdout",
     "output_type": "stream",
     "text": [
      "[[-10.99717907  -5.63337029  -5.48519692  -4.92908283  -4.26182627]\n",
      " [ -5.63437977  -5.68784248  -5.33193289  -3.5079639   -4.79554441]\n",
      " [ -5.65520406  -4.79817102  -6.05426364  -3.67779071  -3.88640569]\n",
      " [ -5.20607879  -4.16810127  -4.1090996   -3.5807355   -3.44500492]\n",
      " [ -4.84562924  -4.98783751  -3.92973111  -3.41654025  -3.75503248]]\n"
     ]
    },
    {
     "data": {
      "text/plain": [
       "array([[-49.9944049 , -37.2964084 , -26.85147366, -41.28670551,\n",
       "        -37.36371383, -52.92265898, -40.6073847 , -53.76651921,\n",
       "        -29.23507156, -64.77592673],\n",
       "       [-37.72265651, -28.91312939, -21.44305476, -30.78089926,\n",
       "        -29.32587272, -40.59456656, -31.45460298, -41.12060034,\n",
       "        -22.21136362, -49.23364735],\n",
       "       [-26.28494431, -20.99019428, -17.55547709, -21.08924749,\n",
       "        -22.43428031, -30.23122528, -24.39560619, -29.81375306,\n",
       "        -15.67393281, -34.90511645],\n",
       "       [-41.32566121, -30.46228738, -21.61966987, -34.34359518,\n",
       "        -30.29260338, -43.44276798, -33.26718828, -44.23236602,\n",
       "        -24.07951782, -53.41618964],\n",
       "       [-36.95114087, -28.78742643, -22.56740776, -29.90795166,\n",
       "        -29.95483944, -40.9123128 , -32.18918875, -40.90514467,\n",
       "        -21.88527879, -48.51963654],\n",
       "       [-52.31888988, -39.76144285, -30.47524021, -42.9072944 ,\n",
       "        -40.88214041, -57.15106166, -44.78572498, -57.35103098,\n",
       "        -30.76329762, -68.32955799],\n",
       "       [-40.34631885, -31.09765116, -24.65692595, -32.98820767,\n",
       "        -32.3440545 , -44.96222266, -35.82984131, -44.86886132,\n",
       "        -23.78991119, -53.07616407],\n",
       "       [-53.98494564, -41.00190161, -30.52130444, -44.3168114 ,\n",
       "        -41.5765439 , -58.21497735, -45.30604891, -58.83594401,\n",
       "        -31.69928249, -70.43108511],\n",
       "       [-29.19107892, -21.92659719, -15.96417884, -24.0220033 ,\n",
       "        -22.08514719, -31.07087681, -23.89643152, -31.50483809,\n",
       "        -17.10576899, -37.88334936],\n",
       "       [-65.10229419, -48.93642662, -35.68228905, -53.63276877,\n",
       "        -49.23466114, -69.39350992, -53.55895236, -70.40533435,\n",
       "        -38.13144415, -84.59227778]])"
      ]
     },
     "execution_count": 217,
     "metadata": {},
     "output_type": "execute_result"
    }
   ],
   "source": [
    "par = An - np.linalg.multi_dot((Kn.T, Bn, Kn))\n",
    "print(par)\n",
    "Kn.dot(par).dot(Kn.T)"
   ]
  },
  {
   "cell_type": "code",
   "execution_count": 222,
   "metadata": {},
   "outputs": [
    {
     "data": {
      "text/plain": [
       "tensor([[  -11589.3276,   -29874.3660,   -19638.4680,   -68112.5576,\n",
       "           -23138.0705,   -78361.6316,   -13223.4775,  -201379.6824,\n",
       "           -28773.5468,   -86375.8003],\n",
       "        [  -29870.0769,   -75395.9015,   -49590.3440,  -171139.0518,\n",
       "           -58538.4345,  -196971.0847,   -33792.8672,  -504771.4357,\n",
       "           -72505.9019,  -217245.1597],\n",
       "        [  -19644.1754,   -49594.8915,   -32603.3747,  -112622.3582,\n",
       "           -38492.0061,  -129595.7192,   -22200.1822,  -332169.1397,\n",
       "           -47706.0370,  -142944.3031],\n",
       "        [  -68112.1706,  -171142.2393,  -112617.0346,  -388062.7345,\n",
       "          -132975.1423,  -446708.1334,   -76929.7411, -1144004.1919,\n",
       "          -164523.0073,  -492731.4692],\n",
       "        [  -23142.2304,   -58543.8527,   -38490.6717,  -132979.0182,\n",
       "           -45433.5919,  -153023.8179,   -26189.9532,  -392302.4801,\n",
       "           -56318.6303,  -168776.1027],\n",
       "        [  -78367.7148,  -196979.4330,  -129593.2719,  -446713.4831,\n",
       "          -153024.1067,  -514198.0555,   -88502.0363, -1316950.5205,\n",
       "          -189369.5889,  -567176.6494],\n",
       "        [  -13226.1075,   -33796.4544,   -22197.5494,   -76932.5403,\n",
       "           -26188.3883,   -88500.2526,   -15013.0737,  -227217.1819,\n",
       "           -32536.2511,   -97592.8263],\n",
       "        [ -201377.4971,  -504772.5611,  -332162.0730, -1144003.3374,\n",
       "          -392295.7147, -1316941.9479,  -227212.8118, -3371557.6024,\n",
       "          -485164.0320, -1452721.0250],\n",
       "        [  -28773.9954,   -72508.7690,   -47703.1257,  -164523.6026,\n",
       "           -56316.6217,  -189366.5269,   -32535.1860,  -485166.0394,\n",
       "           -69724.8677,  -208868.6064],\n",
       "        [  -86372.5228,  -217248.1366,  -142936.5061,  -492729.3120,\n",
       "          -168768.9062,  -567166.0159,   -97587.9815, -1452721.3644,\n",
       "          -208866.0968,  -625594.2568]], dtype=torch.float64)"
      ]
     },
     "execution_count": 222,
     "metadata": {},
     "output_type": "execute_result"
    }
   ],
   "source": [
    "loss = tr.norm(B.inverse())**2\n",
    "loss.backward()\n",
    "B.grad.data\n"
   ]
  },
  {
   "cell_type": "code",
   "execution_count": 225,
   "metadata": {},
   "outputs": [
    {
     "data": {
      "text/plain": [
       "array([[  11564.92689608,   28938.36769688,   19060.35619763,\n",
       "          65596.84699334,   22504.40100771,   75509.9161137 ,\n",
       "          13035.40594266,  193281.84646491,   27831.52884104,\n",
       "          83292.33499415],\n",
       "       [  28938.36769688,   72429.28802749,   47698.66806261,\n",
       "         164168.22822871,   56325.10057762,  188973.50298484,\n",
       "          32626.44410813,  483729.46126709,   69658.52573867,\n",
       "         208462.38634311],\n",
       "       [  19060.35619763,   47698.66806261,   31416.61646826,\n",
       "         108124.28323893,   37094.94759811,  124461.53591793,\n",
       "          21486.35833434,  318587.97881687,   45876.99584712,\n",
       "         137292.92420554],\n",
       "       [  65596.84699334,  164168.22822871,  108124.28323893,\n",
       "         372136.72585835,  127673.46028333,  428358.22583876,\n",
       "          73949.87955332, 1096497.95885211,  157901.85702066,\n",
       "         472532.73009952],\n",
       "       [  22504.40100771,   56325.10057762,   37094.94759811,\n",
       "         127673.46028333,   43803.4532857 ,  146962.3416337 ,\n",
       "          25372.03768765,  376191.62360387,   54174.0925042 ,\n",
       "         162119.58975573],\n",
       "       [  75509.9161137 ,  188973.50298484,  124461.53591793,\n",
       "         428358.22583876,  146962.3416337 ,  493081.80309832,\n",
       "          85125.72456235, 1262163.42022906,  181754.72373321,\n",
       "         543922.37990834],\n",
       "       [  13035.40594266,   32626.44410813,   21486.35833434,\n",
       "          73949.87955332,   25372.03768765,   85125.72456235,\n",
       "          14698.73590932,  217900.0660525 ,   31377.66426963,\n",
       "          93902.92969571],\n",
       "       [ 193281.84646491,  483729.46126709,  318587.97881687,\n",
       "        1096497.95885211,  376191.62360387, 1262163.42022906,\n",
       "         217900.0660525 , 3230841.69041163,  465256.62317893,\n",
       "        1392321.13231395],\n",
       "       [  27831.52884104,   69658.52573867,   45876.99584712,\n",
       "         157901.85702066,   54174.0925042 ,  181754.72373321,\n",
       "          31377.66426963,  465256.62317893,   67001.97320466,\n",
       "         200503.18225975],\n",
       "       [  83292.33499415,  208462.38634311,  137292.92420554,\n",
       "         472532.73009952,  162119.58975573,  543922.37990834,\n",
       "          93902.92969571, 1392321.13231395,  200503.18225975,\n",
       "         600019.53650975]])"
      ]
     },
     "execution_count": 225,
     "metadata": {},
     "output_type": "execute_result"
    }
   ],
   "source": [
    "np.linalg.inv(Bn).dot(np.linalg.inv(Bn).dot(np.linalg.inv(Bn)))*2"
   ]
  },
  {
   "cell_type": "code",
   "execution_count": null,
   "metadata": {},
   "outputs": [],
   "source": []
  }
 ],
 "metadata": {
  "kernelspec": {
   "display_name": "Python 3",
   "language": "python",
   "name": "python3"
  },
  "language_info": {
   "codemirror_mode": {
    "name": "ipython",
    "version": 3
   },
   "file_extension": ".py",
   "mimetype": "text/x-python",
   "name": "python",
   "nbconvert_exporter": "python",
   "pygments_lexer": "ipython3",
   "version": "3.6.5"
  }
 },
 "nbformat": 4,
 "nbformat_minor": 2
}
