{
 "cells": [
  {
   "cell_type": "code",
   "execution_count": 34,
   "metadata": {},
   "outputs": [],
   "source": [
    "from importlib import reload"
   ]
  },
  {
   "cell_type": "code",
   "execution_count": 114,
   "metadata": {},
   "outputs": [],
   "source": [
    "import network_inference.twolayers; reload(network_inference.twolayers)\n",
    "import network_inference.datasets; reload(network_inference.datasets)\n",
    "from network_inference.twolayers import TwoLayersGraphicalLasso\n",
    "from network_inference.datasets import generate_two_layers_network"
   ]
  },
  {
   "cell_type": "code",
   "execution_count": 115,
   "metadata": {},
   "outputs": [],
   "source": [
    "K1, K2, R, K1_obs, K2_obs, cov1, cov2, samples1, samples2 = generate_two_layers_network(10,100,20,100,\n",
    "                                                                                       random_state=0)"
   ]
  },
  {
   "cell_type": "code",
   "execution_count": 116,
   "metadata": {},
   "outputs": [
    {
     "name": "stdout",
     "output_type": "stream",
     "text": [
      "[[ 1.42620083e+01  2.23733066e+01  4.65705547e+01  8.54664590e-01\n",
      "   3.48834960e+00  7.06391672e+00  4.65469789e+00  1.22637805e-01\n",
      "   1.60964112e+01  2.24604544e+00]\n",
      " [ 2.23733066e+01  4.29217819e+01  8.81816067e+01  2.49915725e+00\n",
      "   6.27360812e+00  1.29378564e+01  8.54613344e+00  4.97528418e-01\n",
      "   3.02526311e+01  4.33936142e+00]\n",
      " [ 4.65705547e+01  8.81816067e+01  1.87562558e+02  5.36608889e+00\n",
      "   1.36846705e+01  2.77502355e+01  1.79407216e+01  1.48564111e+00\n",
      "   6.40932532e+01  9.61365559e+00]\n",
      " [ 8.54664590e-01  2.49915725e+00  5.36608889e+00  1.09378831e+00\n",
      "   3.54071799e-01  4.24714903e-01  5.77473478e-01  0.00000000e+00\n",
      "   2.29280757e+00  4.72874308e-01]\n",
      " [ 3.48834960e+00  6.27360812e+00  1.36846705e+01  3.54071799e-01\n",
      "   2.44357717e+00  2.36363855e+00  1.23636063e+00  2.53731071e-01\n",
      "   4.00966860e+00  6.62655488e-01]\n",
      " [ 7.06391672e+00  1.29378564e+01  2.77502355e+01  4.24714903e-01\n",
      "   2.36363855e+00  6.71394161e+00  2.80630750e+00 -3.96954798e-03\n",
      "   8.26593835e+00  1.46648164e+00]\n",
      " [ 4.65469789e+00  8.54613344e+00  1.79407216e+01  5.77473478e-01\n",
      "   1.23636063e+00  2.80630750e+00  2.66838991e+00 -2.14895349e-01\n",
      "   6.34560320e+00  1.01450919e+00]\n",
      " [ 1.22637805e-01  4.97528418e-01  1.48564111e+00  0.00000000e+00\n",
      "   2.53731071e-01 -3.96954798e-03 -2.14895349e-01  1.02233908e+00\n",
      "   1.07056288e-01 -1.41740594e-01]\n",
      " [ 1.60964112e+01  3.02526311e+01  6.40932532e+01  2.29280757e+00\n",
      "   4.00966860e+00  8.26593835e+00  6.34560320e+00  1.07056288e-01\n",
      "   2.60027423e+01  4.33976054e+00]\n",
      " [ 2.24604544e+00  4.33936142e+00  9.61365559e+00  4.72874308e-01\n",
      "   6.62655488e-01  1.46648164e+00  1.01450919e+00 -1.41740594e-01\n",
      "   4.33976054e+00  2.12025614e+00]]\n"
     ]
    },
    {
     "name": "stderr",
     "output_type": "stream",
     "text": [
      "/home/vero/git_repos/inning/network_inference/twolayers.py:53: UserWarning: The update of the matrix R did not converge.\n",
      "  warnings.warn(\"The update of the matrix R did not converge.\")\n"
     ]
    },
    {
     "name": "stdout",
     "output_type": "stream",
     "text": [
      "obj: nan, rnorm: 351.0610, snorm: 353.7857,eps_pri: 0.0374, eps_dual: 0.0373\n",
      "[[-1.16660388e+01 -2.16497199e+01 -4.51366941e+01 -8.07674852e-01\n",
      "  -2.86640631e+00 -6.46622546e+00 -4.27824775e+00 -2.82203700e-01\n",
      "  -1.55427574e+01 -1.54407101e+00]\n",
      " [-2.16497199e+01 -4.04946866e+01 -8.66924387e+01 -2.18658551e+00\n",
      "  -6.07196913e+00 -1.24115339e+01 -8.11119165e+00 -7.35638053e-01\n",
      "  -2.94861960e+01 -3.92188816e+00]\n",
      " [-4.51366941e+01 -8.66924387e+01 -1.84663613e+02 -4.84593081e+00\n",
      "  -1.26327665e+01 -2.73783954e+01 -1.75253528e+01 -1.97480898e+00\n",
      "  -6.28718091e+01 -8.50690273e+00]\n",
      " [-8.07674852e-01 -2.18658551e+00 -4.84593081e+00  2.88208803e-01\n",
      "   0.00000000e+00 -1.21542612e-01 -3.23912430e-01 -9.99112075e-02\n",
      "  -2.01743414e+00 -3.21267492e-01]\n",
      " [-2.86640631e+00 -6.07196913e+00 -1.26327665e+01  0.00000000e+00\n",
      "  -5.60977632e-01 -2.30971654e+00 -1.04908929e+00 -1.77114716e-02\n",
      "  -3.53709756e+00 -1.88440181e-01]\n",
      " [-6.46622546e+00 -1.24115339e+01 -2.73783954e+01 -1.21542612e-01\n",
      "  -2.30971654e+00 -4.26094411e+00 -2.54542161e+00 -5.41566706e-01\n",
      "  -7.57195879e+00 -5.85367151e-01]\n",
      " [-4.27824775e+00 -8.11119165e+00 -1.75253528e+01 -3.23912430e-01\n",
      "  -1.04908929e+00 -2.54542161e+00 -1.07832357e+00 -2.09009468e-01\n",
      "  -5.84182857e+00 -4.82012071e-01]\n",
      " [-2.82203700e-01 -7.35638053e-01 -1.97480898e+00 -9.99112075e-02\n",
      "  -1.77114716e-02 -5.41566706e-01 -2.09009468e-01  5.63034725e-01\n",
      "  -4.41173374e-01 -9.47753174e-02]\n",
      " [-1.55427574e+01 -2.94861960e+01 -6.28718091e+01 -2.01743414e+00\n",
      "  -3.53709756e+00 -7.57195879e+00 -5.84182857e+00 -4.41173374e-01\n",
      "  -2.34967133e+01 -3.74512521e+00]\n",
      " [-1.54407101e+00 -3.92188816e+00 -8.50690273e+00 -3.21267492e-01\n",
      "  -1.88440181e-01 -5.85367151e-01 -4.82012071e-01 -9.47753174e-02\n",
      "  -3.74512521e+00 -4.20303242e-02]]\n",
      "obj: nan, rnorm: 344.9016, snorm: 0.1717,eps_pri: 0.0367, eps_dual: 0.0058\n",
      "[[-1.16312374 -1.10387757 -1.03905307  0.53438406  0.2132678   0.27148679\n",
      "  -0.13843062  0.15576348 -0.82593479  0.60784434]\n",
      " [-1.10387757 -0.96306986 -1.95475066  0.16434027 -0.21042495  0.61131542\n",
      "  -0.04677263  0.19576718 -0.84043849  0.09995914]\n",
      " [-1.03905307 -1.95475066 -2.84252648  0.14528417  0.15043903  0.4220685\n",
      "  -0.27063539 -0.0942729  -1.92206942  0.01808129]\n",
      " [ 0.53438406  0.16434027  0.14528417  0.59432306  0.29474002  0.55398412\n",
      "   0.15944409 -0.09786351  0.01085446 -0.01487536]\n",
      " [ 0.2132678  -0.21042495  0.15043903  0.29474002  0.44954957 -0.06956063\n",
      "   0.19617887  0.16874303  0.28110298  0.26569421]\n",
      " [ 0.27148679  0.61131542  0.4220685   0.55398412 -0.06956063  0.42253424\n",
      "   0.06804097 -0.06175316  0.79448847  0.27669233]\n",
      " [-0.13843062 -0.04677263 -0.27063539  0.15944409  0.19617887  0.06804097\n",
      "   0.64238804  0.0146038  -0.09416806  0.36766782]\n",
      " [ 0.15576348  0.19576718 -0.0942729  -0.09786351  0.16874303 -0.06175316\n",
      "   0.0146038   0.71884729  0.08100317 -0.00427818]\n",
      " [-0.82593479 -0.84043849 -1.92206942  0.01085446  0.28110298  0.79448847\n",
      "  -0.09416806  0.08100317 -1.43121687 -0.47999454]\n",
      " [ 0.60784434  0.09995914  0.01808129 -0.01487536  0.26569421  0.27669233\n",
      "   0.36766782 -0.00427818 -0.47999454  0.51018993]]\n",
      "obj: nan, rnorm: 16.7587, snorm: 0.2293,eps_pri: 0.0039, eps_dual: 0.0034\n",
      "[[-2.27217169e+00 -2.08702629e+00 -2.40442125e+00  6.27682915e-01\n",
      "   4.87489986e-02  4.26865910e-01 -3.44011532e-01  1.95974200e-01\n",
      "  -1.58069309e+00  6.53737571e-01]\n",
      " [-2.08702629e+00 -1.72732498e+00 -3.43782685e+00  1.73252753e-01\n",
      "  -1.95075758e-01  6.57250164e-01 -2.81918782e-01  3.09783946e-01\n",
      "  -1.84778354e+00 -8.20713087e-02]\n",
      " [-2.40442125e+00 -3.43782685e+00 -5.57541151e+00  2.25980186e-03\n",
      "   1.34762397e-01  4.95404164e-01 -6.73481878e-01  1.99837529e-02\n",
      "  -3.75931260e+00 -4.71782435e-01]\n",
      " [ 6.27682915e-01  1.73252753e-01  2.25980186e-03  6.30169732e-01\n",
      "   3.69487001e-01  5.84636547e-01  1.49617806e-01 -7.31026855e-02\n",
      "  -1.31875267e-01 -1.16961936e-01]\n",
      " [ 4.87489986e-02 -1.95075758e-01  1.34762397e-01  3.69487001e-01\n",
      "   4.60462989e-01 -1.22416784e-01  1.77826739e-01  1.91728149e-01\n",
      "   2.92207757e-01  3.17878541e-01]\n",
      " [ 4.26865910e-01  6.57250164e-01  4.95404164e-01  5.84636547e-01\n",
      "  -1.22416784e-01  3.02873171e-01  6.59587340e-02 -2.58749103e-02\n",
      "   1.06430788e+00  2.38440645e-01]\n",
      " [-3.44011532e-01 -2.81918782e-01 -6.73481878e-01  1.49617806e-01\n",
      "   1.77826739e-01  6.59587340e-02  6.44697998e-01  6.84940173e-02\n",
      "  -3.04874126e-01  3.42450610e-01]\n",
      " [ 1.95974200e-01  3.09783946e-01  1.99837529e-02 -7.31026855e-02\n",
      "   1.91728149e-01 -2.58749103e-02  6.84940173e-02  7.85345712e-01\n",
      "   1.32847693e-01  3.50529403e-02]\n",
      " [-1.58069309e+00 -1.84778354e+00 -3.75931260e+00 -1.31875267e-01\n",
      "   2.92207757e-01  1.06430788e+00 -3.04874126e-01  1.32847693e-01\n",
      "  -2.77353736e+00 -8.46563528e-01]\n",
      " [ 6.53737571e-01 -8.20713087e-02 -4.71782435e-01 -1.16961936e-01\n",
      "   3.17878541e-01  2.38440645e-01  3.42450610e-01  3.50529403e-02\n",
      "  -8.46563528e-01  3.33992718e-01]]\n",
      "obj: nan, rnorm: 9.3097, snorm: 0.4174,eps_pri: 0.0035, eps_dual: 0.0071\n",
      "[[-4.63678114e+00 -4.32957131e+00 -5.85490777e+00  6.65360109e-01\n",
      "  -1.49564879e-01  8.42838327e-01 -8.69735649e-01  2.66299462e-01\n",
      "  -3.79962120e+00  4.41475936e-01]\n",
      " [-4.32957131e+00 -4.16704018e+00 -7.61939382e+00  2.86559515e-03\n",
      "  -2.69065419e-01  1.13323962e+00 -8.65107679e-01  3.87444434e-01\n",
      "  -4.70132438e+00 -6.60614423e-01]\n",
      " [-5.85490777e+00 -7.61939382e+00 -1.27663066e+01 -4.59819299e-01\n",
      "   7.07196831e-02  1.29902679e+00 -1.64338633e+00  1.15993520e-01\n",
      "  -8.82788573e+00 -1.70272362e+00]\n",
      " [ 6.65360109e-01  2.86559515e-03 -4.59819299e-01  5.80225050e-01\n",
      "   4.30423276e-01  6.50059854e-01  1.19120884e-01 -6.51734881e-02\n",
      "  -5.20859129e-01 -3.16120463e-01]\n",
      " [-1.49564879e-01 -2.69065419e-01  7.07196831e-02  4.30423276e-01\n",
      "   4.49952638e-01 -1.40042838e-01  1.54853885e-01  2.01887271e-01\n",
      "   3.33491680e-01  3.97627313e-01]\n",
      " [ 8.42838327e-01  1.13323962e+00  1.29902679e+00  6.50059854e-01\n",
      "  -1.40042838e-01  1.44093574e-01  1.62083241e-01 -2.71426377e-03\n",
      "   1.74723021e+00  3.35150584e-01]\n",
      " [-8.69735649e-01 -8.65107679e-01 -1.64338633e+00  1.19120884e-01\n",
      "   1.54853885e-01  1.62083241e-01  5.61685159e-01  1.09667455e-01\n",
      "  -9.50575111e-01  2.20938779e-01]\n",
      " [ 2.66299462e-01  3.87444434e-01  1.15993520e-01 -6.51734881e-02\n",
      "   2.01887271e-01 -2.71426377e-03  1.09667455e-01  8.36629114e-01\n",
      "   1.89627039e-01  5.66459257e-02]\n",
      " [-3.79962120e+00 -4.70132438e+00 -8.82788573e+00 -5.20859129e-01\n",
      "   3.33491680e-01  1.74723021e+00 -9.50575111e-01  1.89627039e-01\n",
      "  -6.47639646e+00 -1.80083671e+00]\n",
      " [ 4.41475936e-01 -6.60614423e-01 -1.70272362e+00 -3.16120463e-01\n",
      "   3.97627313e-01  3.35150584e-01  2.20938779e-01  5.66459257e-02\n",
      "  -1.80083671e+00 -1.71464942e-02]]\n",
      "obj: nan, rnorm: 6.6205, snorm: 20.8274,eps_pri: 0.0035, eps_dual: 0.0124\n",
      "[[-8.09204725e+00 -7.28112928e+00 -1.01447177e+01  9.01105511e-01\n",
      "  -5.18461055e-01  1.35789251e+00 -1.57652301e+00  3.91903951e-01\n",
      "  -6.38943091e+00  4.39301161e-01]\n",
      " [-7.28112928e+00 -7.24779769e+00 -1.28265774e+01 -1.34081937e-01\n",
      "  -4.00875802e-01  1.70456432e+00 -1.60444043e+00  5.02773757e-01\n",
      "  -8.21258894e+00 -1.29965272e+00]\n",
      " [-1.01447177e+01 -1.28265774e+01 -2.17506936e+01 -1.01150114e+00\n",
      "  -9.00619799e-03  2.25776168e+00 -2.84870891e+00  2.65157472e-01\n",
      "  -1.51703606e+01 -3.24258555e+00]\n",
      " [ 9.01105511e-01 -1.34081937e-01 -1.01150114e+00  4.56787787e-01\n",
      "   5.47743061e-01  7.20010777e-01  1.03914347e-01 -6.29934833e-02\n",
      "  -1.05608164e+00 -6.54491062e-01]\n",
      " [-5.18461055e-01 -4.00875802e-01 -9.00619799e-03  5.47743061e-01\n",
      "   4.12273004e-01 -1.64395131e-01  1.07072424e-01  2.17317724e-01\n",
      "   4.29402816e-01  5.60466157e-01]\n",
      " [ 1.35789251e+00  1.70456432e+00  2.25776168e+00  7.20010777e-01\n",
      "  -1.64395131e-01 -5.34461977e-02  2.74581929e-01  1.26198042e-02\n",
      "   2.58343040e+00  4.52493921e-01]\n",
      " [-1.57652301e+00 -1.60444043e+00 -2.84870891e+00  1.03914347e-01\n",
      "   1.07072424e-01  2.74581929e-01  4.52780482e-01  1.63377675e-01\n",
      "  -1.72822697e+00  9.69738066e-02]\n",
      " [ 3.91903951e-01  5.02773757e-01  2.65157472e-01 -6.29934833e-02\n",
      "   2.17317724e-01  1.26198042e-02  1.63377675e-01  9.01387616e-01\n",
      "   2.76100995e-01  7.81220961e-02]\n",
      " [-6.38943091e+00 -8.21258894e+00 -1.51703606e+01 -1.05608164e+00\n",
      "   4.29402816e-01  2.58343040e+00 -1.72822697e+00  2.76100995e-01\n",
      "  -1.11826128e+01 -3.08377334e+00]\n",
      " [ 4.39301161e-01 -1.29965272e+00 -3.24258555e+00 -6.54491062e-01\n",
      "   5.60466157e-01  4.52493921e-01  9.69738066e-02  7.81220961e-02\n",
      "  -3.08377334e+00 -5.91875120e-01]]\n",
      "obj: nan, rnorm: 45.3935, snorm: 20.9053,eps_pri: 0.0068, eps_dual: 0.0286\n",
      "[[-4.31575598e+00  4.60018518e-01  5.27934424e+00  3.14474520e+00\n",
      "  -1.26157659e+00 -4.58452323e-01  1.17142572e-01  3.34432079e-01\n",
      "   5.76846998e+00  4.86332525e+00]\n",
      " [ 4.60018518e-01  4.17441418e+00  7.93262106e+00  1.96028089e+00\n",
      "  -7.47012656e-01 -8.23378551e-01  9.40864800e-01  3.47449226e-01\n",
      "   7.34033715e+00  3.28354667e+00]\n",
      " [ 5.27934424e+00  7.93262106e+00  1.55164728e+01  2.17564031e+00\n",
      "  -3.12185744e-01 -2.30531017e+00  1.86709078e+00 -8.23130019e-02\n",
      "   1.22044969e+01  4.17720737e+00]\n",
      " [ 3.14474520e+00  1.96028089e+00  2.17564031e+00  5.26815336e-01\n",
      "   7.43924258e-01  3.38688786e-01  6.12389519e-01 -1.10857372e-01\n",
      "   1.00556582e+00 -4.72734855e-01]\n",
      " [-1.26157659e+00 -7.47012656e-01 -3.12185744e-01  7.43924258e-01\n",
      "   3.40912071e-01 -1.66750403e-01  9.37691072e-04  2.43044901e-01\n",
      "   4.60323749e-01  8.18996340e-01]\n",
      " [-4.58452323e-01 -8.23378551e-01 -2.30531017e+00  3.38688786e-01\n",
      "  -1.66750403e-01  4.22303752e-01 -3.16722238e-01  8.87855026e-02\n",
      "  -5.87713940e-01 -5.10624743e-01]\n",
      " [ 1.17142572e-01  9.40864800e-01  1.86709078e+00  6.12389519e-01\n",
      "   9.37691072e-04 -3.16722238e-01  1.12213711e+00  1.56402791e-01\n",
      "   1.85216685e+00  1.18281060e+00]\n",
      " [ 3.34432079e-01  3.47449226e-01 -8.23130019e-02 -1.10857372e-01\n",
      "   2.43044901e-01  8.87855026e-02  1.56402791e-01  1.00228427e+00\n",
      "  -8.95167375e-03 -9.42835291e-03]\n",
      " [ 5.76846998e+00  7.34033715e+00  1.22044969e+01  1.00556582e+00\n",
      "   4.60323749e-01 -5.87713940e-01  1.85216685e+00 -8.95167375e-03\n",
      "   8.59705290e+00  1.98656276e+00]\n",
      " [ 4.86332525e+00  3.28354667e+00  4.17720737e+00 -4.72734855e-01\n",
      "   8.18996340e-01 -5.10624743e-01  1.18281060e+00 -9.42835291e-03\n",
      "   1.98656276e+00  3.02221693e-01]]\n"
     ]
    },
    {
     "name": "stdout",
     "output_type": "stream",
     "text": [
      "obj: nan, rnorm: 20.8118, snorm: 3.4735,eps_pri: 0.0044, eps_dual: 0.0151\n",
      "[[-11.57151757  -1.17398149   6.9277445    6.05924105  -3.19662864\n",
      "   -0.67341462  -0.50346473   0.58300571   9.69756026   9.26048963]\n",
      " [ -1.17398149   3.23255409   6.66485335   2.29917513  -1.03527666\n",
      "   -0.8590618    0.64385229   0.44224589   7.06823809   3.66392283]\n",
      " [  6.9277445    6.66485335  11.46045585   0.73823011   0.39856991\n",
      "   -2.16475145   1.65650676  -0.07480436   8.60679648   1.79058484]\n",
      " [  6.05924105   2.29917513   0.73823011  -0.66929786   1.57640349\n",
      "    0.46517717   0.80841461  -0.17873167  -1.10011791  -2.4985415 ]\n",
      " [ -3.19662864  -1.03527666   0.39856991   1.57640349  -0.11380032\n",
      "   -0.30958049  -0.15180836   0.30962243   1.78680219   2.08319521]\n",
      " [ -0.67341462  -0.8590618   -2.16475145   0.46517717  -0.30958049\n",
      "    0.31256329  -0.35194434   0.137569    -0.16751412  -0.39699256]\n",
      " [ -0.50346473   0.64385229   1.65650676   0.80841461  -0.15180836\n",
      "   -0.35194434   1.14395822   0.21649417   1.97574018   1.43987252]\n",
      " [  0.58300571   0.44224589  -0.07480436  -0.17873167   0.30962243\n",
      "    0.137569     0.21649417   1.10520274  -0.1007001   -0.09798134]\n",
      " [  9.69756026   7.06823809   8.60679648  -1.10011791   1.78680219\n",
      "   -0.16751412   1.97574018  -0.1007001    4.44502333  -1.28918032]\n",
      " [  9.26048963   3.66392283   1.79058484  -2.4985415    2.08319521\n",
      "   -0.39699256   1.43987252  -0.09798134  -1.28918032  -2.74233284]]\n",
      "obj: nan, rnorm: 28.8951, snorm: 2.8747,eps_pri: 0.0051, eps_dual: 0.0175\n",
      "[[ 9.57973025e+00  4.31498575e+00  4.30466965e+00 -1.77114288e+00\n",
      "   2.04216702e+00 -5.71389849e-01  1.51653949e+00  4.11046160e-02\n",
      "   7.96497690e-01 -2.32037237e+00]\n",
      " [ 4.31498575e+00  3.94160420e+00  4.15109716e+00 -1.28420375e-01\n",
      "   4.98688895e-01 -7.40502776e-01  1.00469774e+00  3.25120489e-01\n",
      "   3.31430900e+00 -9.33943848e-02]\n",
      " [ 4.30466965e+00  4.15109716e+00  7.64480581e+00  7.63460935e-01\n",
      "   1.27428543e-01 -1.87076502e+00  1.04228348e+00  2.37165124e-02\n",
      "   6.32799849e+00  1.53037898e+00]\n",
      " [-1.77114288e+00 -1.28420375e-01  7.63460935e-01  2.09656768e+00\n",
      "  -2.78189883e-01  5.04920308e-01 -4.70553252e-03  3.96421870e-02\n",
      "   1.45587672e+00  1.42217789e+00]\n",
      " [ 2.04216702e+00  4.98688895e-01  1.27428543e-01 -2.78189883e-01\n",
      "   1.19019132e+00 -3.95367701e-01  3.62988549e-01  1.83405476e-01\n",
      "  -2.21869545e-02 -6.45027265e-01]\n",
      " [-5.71389849e-01 -7.40502776e-01 -1.87076502e+00  5.04920308e-01\n",
      "  -3.95367701e-01  1.74729914e-01 -3.39959483e-01  1.70184750e-01\n",
      "   2.51117375e-01 -3.77333735e-01]\n",
      " [ 1.51653949e+00  1.00469774e+00  1.04228348e+00 -4.70553252e-03\n",
      "   3.62988549e-01 -3.39959483e-01  1.37132258e+00  1.89211070e-01\n",
      "   8.70373633e-01  1.92605325e-01]\n",
      " [ 4.11046160e-02  3.25120489e-01  2.37165124e-02  3.96421870e-02\n",
      "   1.83405476e-01  1.70184750e-01  1.89211070e-01  1.18568379e+00\n",
      "   1.35405929e-01  2.38124254e-01]\n",
      " [ 7.96497690e-01  3.31430900e+00  6.32799849e+00  1.45587672e+00\n",
      "  -2.21869545e-02  2.51117375e-01  8.70373633e-01  1.35405929e-01\n",
      "   5.35629612e+00  2.31437029e+00]\n",
      " [-2.32037237e+00 -9.33943848e-02  1.53037898e+00  1.42217789e+00\n",
      "  -6.45027265e-01 -3.77333735e-01  1.92605325e-01  2.38124254e-01\n",
      "   2.31437029e+00  2.99587238e+00]]\n",
      "obj: nan, rnorm: 7.6664, snorm: 3.3525,eps_pri: 0.0030, eps_dual: 0.0095\n",
      "[[ 7.49124177  3.02816056  2.95112703 -1.35603638  1.68665675 -0.40981665\n",
      "   1.19567079  0.12726828  0.35800819 -1.7911116 ]\n",
      " [ 3.02816056  2.64388318  1.99726698 -0.15625204  0.37339294 -0.66706057\n",
      "   0.66608742  0.40325353  2.06810326 -0.36416209]\n",
      " [ 2.95112703  1.99726698  3.79167559  0.32696652  0.11876066 -1.64740027\n",
      "   0.53348647  0.10087386  3.6671971   0.5631821 ]\n",
      " [-1.35603638 -0.15625204  0.32696652  1.9155868  -0.15592001  0.50549726\n",
      "   0.01025773  0.04208631  1.02166898  1.02387776]\n",
      " [ 1.68665675  0.37339294  0.11876066 -0.15592001  1.12236926 -0.51490247\n",
      "   0.29977501  0.21745335  0.22427741 -0.4815157 ]\n",
      " [-0.40981665 -0.66706057 -1.64740027  0.50549726 -0.51490247 -0.05879066\n",
      "  -0.33934135  0.21600908  0.69859519 -0.4421063 ]\n",
      " [ 1.19567079  0.66608742  0.53348647  0.01025773  0.29977501 -0.33934135\n",
      "   1.3455477   0.23102372  0.62318389  0.15031558]\n",
      " [ 0.12726828  0.40325353  0.10087386  0.04208631  0.21745335  0.21600908\n",
      "   0.23102372  1.23722934  0.14207611  0.26485545]\n",
      " [ 0.35800819  2.06810326  3.6671971   1.02166898  0.22427741  0.69859519\n",
      "   0.62318389  0.14207611  3.19521635  1.53905909]\n",
      " [-1.7911116  -0.36416209  0.5631821   1.02387776 -0.4815157  -0.4421063\n",
      "   0.15031558  0.26485545  1.53905909  2.35657361]]\n",
      "obj: nan, rnorm: 3.3813, snorm: 1.7829,eps_pri: 0.0028, eps_dual: 0.0107\n",
      "[[ 5.81578191  1.72226859  1.26072941 -1.15414931  1.44995344 -0.20903629\n",
      "   0.88481293  0.19595754 -0.5048225  -1.60774249]\n",
      " [ 1.72226859  1.35737688 -0.15547711 -0.18325248  0.22544251 -0.61181239\n",
      "   0.32099706  0.48024135  0.83447671 -0.65040161]\n",
      " [ 1.26072941 -0.15547711  0.2347289   0.0633871  -0.01605748 -1.47447837\n",
      "   0.00721367  0.18174223  1.34722838 -0.15806021]\n",
      " [-1.15414931 -0.18325248  0.0633871   1.87289971 -0.10482088  0.48044649\n",
      "   0.01583214  0.05196726  0.80995963  0.7984491 ]\n",
      " [ 1.44995344  0.22544251 -0.01605748 -0.10482088  1.10930211 -0.63831995\n",
      "   0.23564211  0.25123493  0.34079051 -0.43580726]\n",
      " [-0.20903629 -0.61181239 -1.47447837  0.48044649 -0.63831995 -0.29640343\n",
      "  -0.34538816  0.26725898  1.12759288 -0.55207033]\n",
      " [ 0.88481293  0.32099706  0.00721367  0.01583214  0.23564211 -0.34538816\n",
      "   1.34298672  0.2720856   0.36328077  0.08912882]\n",
      " [ 0.19595754  0.48024135  0.18174223  0.05196726  0.25123493  0.26725898\n",
      "   0.2720856   1.31367337  0.15261829  0.30420307]\n",
      " [-0.5048225   0.83447671  1.34722838  0.80995963  0.34079051  1.12759288\n",
      "   0.36328077  0.15261829  1.45193114  1.0950392 ]\n",
      " [-1.60774249 -0.65040161 -0.15806021  0.7984491  -0.43580726 -0.55207033\n",
      "   0.08912882  0.30420307  1.0950392   2.00160001]]\n",
      "obj: nan, rnorm: 2.6442, snorm: 0.5244,eps_pri: 0.0028, eps_dual: 0.0119\n",
      "[[ 2.61680965 -0.03249741 -0.31441015 -0.41405258  0.8149478  -0.05328041\n",
      "   0.41525287  0.31634277 -0.73745861 -0.64152552]\n",
      " [-0.03249741 -0.04716697 -2.12370417 -0.02375285 -0.1417373  -0.74957846\n",
      "  -0.08468825  0.59865551  0.06213851 -0.71044113]\n",
      " [-0.31441015 -2.12370417 -2.80884679 -0.14148801 -0.31513548 -1.60043437\n",
      "  -0.50743857  0.29518614 -0.33802931 -0.81426458]\n",
      " [-0.41405258 -0.02375285 -0.14148801  1.65031904  0.04021777  0.39433254\n",
      "   0.07970925  0.05683163  0.53320697  0.31254509]\n",
      " [ 0.8149478  -0.1417373  -0.31513548  0.04021777  0.97245162 -0.82982145\n",
      "   0.09662187  0.31150054  0.52881567 -0.28772584]\n",
      " [-0.05328041 -0.74957846 -1.60043437  0.39433254 -0.82982145 -0.64932566\n",
      "  -0.40698726  0.33853912  1.46228421 -0.8154575 ]\n",
      " [ 0.41525287 -0.08468825 -0.50743857  0.07970925  0.09662187 -0.40698726\n",
      "   1.30968597  0.32782929  0.22394283  0.09632256]\n",
      " [ 0.31634277  0.59865551  0.29518614  0.05683163  0.31150054  0.33853912\n",
      "   0.32782929  1.38191611  0.15911611  0.3492876 ]\n",
      " [-0.73745861  0.06213851 -0.33802931  0.53320697  0.52881567  1.46228421\n",
      "   0.22394283  0.15911611  0.09510542  0.60702927]\n",
      " [-0.64152552 -0.71044113 -0.81426458  0.31254509 -0.28772584 -0.8154575\n",
      "   0.09632256  0.3492876   0.60702927  1.23013838]]\n",
      "obj: nan, rnorm: 1.5542, snorm: 0.4649,eps_pri: 0.0030, eps_dual: 0.0139\n",
      "[[-0.04767082 -1.81136482 -2.20507757  0.05333759  0.22049092 -0.06468245\n",
      "  -0.05985191  0.45220209 -1.20548274 -0.135819  ]\n",
      " [-1.81136482 -1.83974906 -4.72614432 -0.03060449 -0.65850753 -1.17984489\n",
      "  -0.61204068  0.77056665 -0.91005798 -1.16283483]\n",
      " [-2.20507757 -4.72614432 -6.74324938 -0.48887584 -0.89080879 -2.13196742\n",
      "  -1.2267641   0.48732648 -2.21775641 -1.87171928]\n",
      " [ 0.05333759 -0.03060449 -0.48887584  1.47945298  0.09934916  0.25825605\n",
      "   0.09402144  0.08080373  0.28770845 -0.12347082]\n",
      " [ 0.22049092 -0.65850753 -0.89080879  0.09934916  0.7901892  -1.14299537\n",
      "  -0.0903267   0.39341082  0.60923728 -0.3269687 ]\n",
      " [-0.06468245 -1.17984489 -2.13196742  0.25825605 -1.14299537 -1.16357463\n",
      "  -0.5601183   0.43728596  1.69772973 -1.24274245]\n",
      " [-0.05985191 -0.61204068 -1.2267641   0.09402144 -0.0903267  -0.5601183\n",
      "   1.23624943  0.4000483   0.02657174 -0.01285441]\n",
      " [ 0.45220209  0.77056665  0.48732648  0.08080373  0.39341082  0.43728596\n",
      "   0.4000483   1.4453996   0.20233356  0.44150722]\n",
      " [-1.20548274 -0.91005798 -2.21775641  0.28770845  0.60923728  1.69772973\n",
      "   0.02657174  0.20233356 -1.21697152  0.12051246]\n",
      " [-0.135819   -1.16283483 -1.87171928 -0.12347082 -0.3269687  -1.24274245\n",
      "  -0.01285441  0.44150722  0.12051246  0.4357358 ]]\n"
     ]
    },
    {
     "name": "stdout",
     "output_type": "stream",
     "text": [
      "obj: nan, rnorm: 2.2203, snorm: 0.0752,eps_pri: 0.0032, eps_dual: 0.0173\n",
      "[[-1.45639242 -2.9920477  -3.74521158  0.17716005 -0.09399602 -0.10351057\n",
      "  -0.37432402  0.52528378 -1.81876985 -0.11056027]\n",
      " [-2.9920477  -3.26929737 -6.85513954 -0.14378982 -1.08973774 -1.63028608\n",
      "  -1.03968096  0.89789873 -1.72314523 -1.70962786]\n",
      " [-3.74521158 -6.85513954 -9.97920082 -0.77474356 -1.41258171 -2.64202114\n",
      "  -1.83445789  0.63079097 -3.71958902 -2.7664232 ]\n",
      " [ 0.17716005 -0.14378982 -0.77474356  1.39530647  0.06729052  0.11648335\n",
      "   0.06616518  0.10936907  0.18590387 -0.36833655]\n",
      " [-0.09399602 -1.08973774 -1.41258171  0.06729052  0.58649016 -1.5088899\n",
      "  -0.25263961  0.46603895  0.673087   -0.51704072]\n",
      " [-0.10351057 -1.63028608 -2.64202114  0.11648335 -1.5088899  -1.78438937\n",
      "  -0.7390252   0.53369029  1.98026802 -1.68712959]\n",
      " [-0.37432402 -1.03968096 -1.83445789  0.06616518 -0.25263961 -0.7390252\n",
      "   1.14253498  0.45312355 -0.13254233 -0.17215207]\n",
      " [ 0.52528378  0.89789873  0.63079097  0.10936907  0.46603895  0.53369029\n",
      "   0.45312355  1.47044916  0.22357197  0.53214354]\n",
      " [-1.81876985 -1.72314523 -3.71958902  0.18590387  0.673087    1.98026802\n",
      "  -0.13254233  0.22357197 -2.32133505 -0.11682155]\n",
      " [-0.11056027 -1.70962786 -2.7664232  -0.36833655 -0.51704072 -1.68712959\n",
      "  -0.17215207  0.53214354 -0.11682155 -0.10946776]]\n",
      "obj: nan, rnorm: 3.9001, snorm: 1.1773,eps_pri: 0.0031, eps_dual: 0.0296\n",
      "[[-3.69132672e+00 -5.07365429e+00 -6.72583384e+00  2.44437013e-01\n",
      "  -5.61488590e-01 -1.54188936e-01 -9.27953075e-01  6.31171213e-01\n",
      "  -3.23164758e+00 -3.27366914e-01]\n",
      " [-5.07365429e+00 -5.85338764e+00 -1.07064238e+01 -3.73257067e-01\n",
      "  -1.82065445e+00 -2.33860460e+00 -1.79652433e+00  1.09297064e+00\n",
      "  -3.32803966e+00 -2.69341884e+00]\n",
      " [-6.72583384e+00 -1.07064238e+01 -1.58611397e+01 -1.21003461e+00\n",
      "  -2.32908851e+00 -3.41216385e+00 -2.92706652e+00  8.63155120e-01\n",
      "  -6.53540914e+00 -4.24245550e+00]\n",
      " [ 2.44437013e-01 -3.73257067e-01 -1.21003461e+00  1.26861539e+00\n",
      "  -2.02299821e-02 -1.15451377e-01  6.73735956e-04  1.54883730e-01\n",
      "   7.28816242e-02 -6.89552138e-01]\n",
      " [-5.61488590e-01 -1.82065445e+00 -2.32908851e+00 -2.02299821e-02\n",
      "   1.98661798e-01 -2.13521582e+00 -5.27372639e-01  5.75981403e-01\n",
      "   7.25033810e-01 -9.02719678e-01]\n",
      " [-1.54188936e-01 -2.33860460e+00 -3.41216385e+00 -1.15451377e-01\n",
      "  -2.13521582e+00 -2.88924111e+00 -1.04562547e+00  6.78141328e-01\n",
      "   2.49476584e+00 -2.41788745e+00]\n",
      " [-9.27953075e-01 -1.79652433e+00 -2.92706652e+00  6.73735955e-04\n",
      "  -5.27372639e-01 -1.04562547e+00  9.28417551e-01  5.31246459e-01\n",
      "  -4.58043599e-01 -4.73845683e-01]\n",
      " [ 6.31171213e-01  1.09297064e+00  8.63155120e-01  1.54883730e-01\n",
      "   5.75981403e-01  6.78141328e-01  5.31246459e-01  1.47368866e+00\n",
      "   2.67208024e-01  6.71828434e-01]\n",
      " [-3.23164758e+00 -3.32803966e+00 -6.53540914e+00  7.28816242e-02\n",
      "   7.25033810e-01  2.49476584e+00 -4.58043599e-01  2.67208024e-01\n",
      "  -4.38370281e+00 -4.64165531e-01]\n",
      " [-3.27366914e-01 -2.69341884e+00 -4.24245550e+00 -6.89552138e-01\n",
      "  -9.02719678e-01 -2.41788745e+00 -4.73845683e-01  6.71828434e-01\n",
      "  -4.64165531e-01 -9.28970079e-01]]\n",
      "obj: nan, rnorm: 7.9990, snorm: 0.1466,eps_pri: 0.0039, eps_dual: 0.0551\n",
      "[[ -6.15681119  -7.72584459 -10.69902796   0.14941917  -1.11886134\n",
      "   -0.3445009   -1.63921967   0.77645901  -5.21414326  -0.94003755]\n",
      " [ -7.72584459  -9.2335008  -15.81415091  -0.72221275  -2.71521279\n",
      "   -3.16464978  -2.77365705   1.33407904  -5.57659907  -3.99730885]\n",
      " [-10.69902796 -15.81415091 -23.66898045  -1.7694117   -3.51734015\n",
      "   -4.37488818  -4.36116941   1.18307444 -10.29037654  -6.16216146]\n",
      " [  0.14941917  -0.72221275  -1.7694117    1.17186953  -0.15089512\n",
      "   -0.3549244   -0.10656194   0.20097003  -0.08578275  -0.98657247]\n",
      " [ -1.11886134  -2.71521279  -3.51734015  -0.15089512  -0.2111047\n",
      "   -2.76683606  -0.84205744   0.68560424   0.59564209  -1.38375034]\n",
      " [ -0.3445009   -3.16464978  -4.37488818  -0.3549244   -2.76683606\n",
      "   -3.96286104  -1.39094617   0.82031245   2.85593601  -3.16225928]\n",
      " [ -1.63921967  -2.77365705  -4.36116941  -0.10656194  -0.84205744\n",
      "   -1.39094617   0.65656714   0.61651138  -0.97300539  -0.8804843 ]\n",
      " [  0.77645901   1.33407904   1.18307444   0.20097003   0.68560424\n",
      "    0.82031245   0.61651138   1.47561998   0.35072489   0.81512681]\n",
      " [ -5.21414326  -5.57659907 -10.29037654  -0.08578275   0.59564209\n",
      "    2.85593601  -0.97300539   0.35072489  -6.84856098  -1.02200815]\n",
      " [ -0.94003755  -3.99730885  -6.16216146  -0.98657247  -1.38375034\n",
      "   -3.16225928  -0.8804843    0.81512681  -1.02200815  -1.75076404]]\n",
      "obj: nan, rnorm: 8.2501, snorm: 1.6879,eps_pri: 0.0039, eps_dual: 0.1078\n",
      "[[ -9.96050793 -11.7054477  -16.72986195   0.03697383  -1.90290211\n",
      "   -0.50530176  -2.69574788   0.97488895  -8.32125243  -1.80100565]\n",
      " [-11.7054477  -14.34816799 -23.51432726  -1.25847268  -4.06497586\n",
      "   -4.4057771   -4.24901357   1.68292151  -8.98991241  -5.97304439]\n",
      " [-16.72986195 -23.51432726 -35.5139329   -2.60219528  -5.26156656\n",
      "   -5.72773499  -6.51384621   1.64779426 -16.08363176  -9.02664188]\n",
      " [  0.03697383  -1.25847268  -2.60219528   0.97872149  -0.36938258\n",
      "   -0.76735407  -0.27891892   0.27345834  -0.29198767  -1.46563297]\n",
      " [ -1.90290211  -4.06497586  -5.26156656  -0.36938258  -0.94280581\n",
      "   -3.87243447  -1.34163981   0.85321228   0.54461763  -2.17664521]\n",
      " [ -0.50530176  -4.4057771   -5.72773499  -0.76735407  -3.87243447\n",
      "   -5.92421285  -1.96445991   1.04273269   3.68371443  -4.42314761]\n",
      " [ -2.69574788  -4.24901357  -6.51384621  -0.27891892  -1.34163981\n",
      "   -1.96445991   0.20398102   0.7425279   -1.70633972  -1.51988549]\n",
      " [  0.97488895   1.68292151   1.64779426   0.27345834   0.85321228\n",
      "    1.04273269   0.7425279    1.44949192   0.46415683   1.03358964]\n",
      " [ -8.32125243  -8.98991241 -16.08363176  -0.29198767   0.54461763\n",
      "    3.68371443  -1.70633972   0.46415683 -10.9161271   -1.76450693]\n",
      " [ -1.80100565  -5.97304439  -9.02664188  -1.46563297  -2.17664521\n",
      "   -4.42314761  -1.51988549   1.03358964  -1.76450693  -3.0950481 ]]\n",
      "obj: nan, rnorm: 16.4268, snorm: 3.1703,eps_pri: 0.0055, eps_dual: 0.2129\n",
      "[[-17.24269055 -19.64424316 -28.88250443  -0.3253199   -3.42447293\n",
      "   -0.90799628  -4.80207853   1.38310006 -14.67543258  -3.77066663]\n",
      " [-19.64424316 -24.56957879 -38.95579365  -2.34471175  -6.71820906\n",
      "   -6.81379402  -7.18666705   2.37840998 -15.88988504  -9.90512691]\n",
      " [-28.88250443 -38.95579365 -59.1960317   -4.21879872  -8.77338636\n",
      "   -8.44130537 -10.81706781   2.6064227  -27.57670059 -14.69532101]\n",
      " [ -0.3253199   -2.34471175  -4.21879872   0.67056079  -0.82765515\n",
      "   -1.55620441  -0.63802944   0.40612749  -0.67060215  -2.31610922]\n",
      " [ -3.42447293  -6.71820906  -8.77338636  -0.82765515  -2.28841847\n",
      "   -5.89904496  -2.3000222    1.15819739   0.2282964   -3.74789801]\n",
      " [ -0.90799628  -6.81379402  -8.44130537  -1.55620441  -5.89904496\n",
      "   -9.49631751  -3.05499075   1.45487424   5.01813889  -6.79363573]\n",
      " [ -4.80207853  -7.18666705 -10.81706781  -0.63802944  -2.3000222\n",
      "   -3.05499075  -0.67643      0.98229916  -3.25285218  -2.80171795]\n",
      " [  1.38310006   2.37840998   2.6064227    0.40612749   1.15819739\n",
      "    1.45487424   0.98229916   1.40540816   0.71103046   1.4416684 ]\n",
      " [-14.67543258 -15.88988504 -27.57670059  -0.67060215   0.2282964\n",
      "    5.01813889  -3.25285218   0.71103046 -18.65035527  -3.26465607]\n",
      " [ -3.77066663  -9.90512691 -14.69532101  -2.31610922  -3.74789801\n",
      "   -6.79363573  -2.80171795   1.4416684   -3.26465607  -5.55663248]]\n",
      "obj: nan, rnorm: nan, snorm: 3.9622,eps_pri: nan, eps_dual: nan\n",
      "[[nan nan nan nan nan nan nan nan nan nan]\n",
      " [nan nan nan nan nan nan nan nan nan nan]\n",
      " [nan nan nan nan nan nan nan nan nan nan]\n",
      " [nan nan nan nan nan nan nan nan nan nan]\n",
      " [nan nan nan nan nan nan nan nan nan nan]\n",
      " [nan nan nan nan nan nan nan nan nan nan]\n",
      " [nan nan nan nan nan nan nan nan nan nan]\n",
      " [nan nan nan nan nan nan nan nan nan nan]\n",
      " [nan nan nan nan nan nan nan nan nan nan]\n",
      " [nan nan nan nan nan nan nan nan nan nan]]\n"
     ]
    },
    {
     "name": "stderr",
     "output_type": "stream",
     "text": [
      "/home/vero/git_repos/inning/network_inference/twolayers.py:46: RuntimeWarning: invalid value encountered in add\n",
      "  (K1 - A1 - RinvK2.dot(R.T) + U1).dot(RinvK2))\n"
     ]
    },
    {
     "ename": "LinAlgError",
     "evalue": "SVD did not converge",
     "output_type": "error",
     "traceback": [
      "\u001b[0;31m---------------------------------------------------------------------------\u001b[0m",
      "\u001b[0;31mLinAlgError\u001b[0m                               Traceback (most recent call last)",
      "\u001b[0;32m<ipython-input-116-b11b391f33ce>\u001b[0m in \u001b[0;36m<module>\u001b[0;34m()\u001b[0m\n\u001b[1;32m      1\u001b[0m \u001b[0mTLGL\u001b[0m \u001b[0;34m=\u001b[0m \u001b[0mTwoLayersGraphicalLasso\u001b[0m\u001b[0;34m(\u001b[0m\u001b[0mverbose\u001b[0m\u001b[0;34m=\u001b[0m\u001b[0;36m1\u001b[0m\u001b[0;34m,\u001b[0m \u001b[0massume_centered\u001b[0m\u001b[0;34m=\u001b[0m\u001b[0;32mTrue\u001b[0m\u001b[0;34m,\u001b[0m \u001b[0mrandom_state\u001b[0m\u001b[0;34m=\u001b[0m\u001b[0;36m0\u001b[0m\u001b[0;34m)\u001b[0m\u001b[0;34m\u001b[0m\u001b[0m\n\u001b[0;32m----> 2\u001b[0;31m \u001b[0mTLGL\u001b[0m\u001b[0;34m.\u001b[0m\u001b[0mfit\u001b[0m\u001b[0;34m(\u001b[0m\u001b[0;34m[\u001b[0m\u001b[0msamples1\u001b[0m\u001b[0;34m,\u001b[0m \u001b[0msamples2\u001b[0m\u001b[0;34m]\u001b[0m\u001b[0;34m)\u001b[0m\u001b[0;34m\u001b[0m\u001b[0m\n\u001b[0m",
      "\u001b[0;32m~/git_repos/inning/network_inference/twolayers.py\u001b[0m in \u001b[0;36mfit\u001b[0;34m(self, X, y)\u001b[0m\n\u001b[1;32m    374\u001b[0m                 \u001b[0mreturn_n_iter\u001b[0m\u001b[0;34m=\u001b[0m\u001b[0;32mTrue\u001b[0m\u001b[0;34m,\u001b[0m \u001b[0mreturn_history\u001b[0m\u001b[0;34m=\u001b[0m\u001b[0;32mFalse\u001b[0m\u001b[0;34m,\u001b[0m\u001b[0;34m\u001b[0m\u001b[0m\n\u001b[1;32m    375\u001b[0m                 \u001b[0mcompute_objective\u001b[0m\u001b[0;34m=\u001b[0m\u001b[0mself\u001b[0m\u001b[0;34m.\u001b[0m\u001b[0mcompute_objective\u001b[0m\u001b[0;34m,\u001b[0m\u001b[0;34m\u001b[0m\u001b[0m\n\u001b[0;32m--> 376\u001b[0;31m                 n1=X[0].shape[0], n2=X[1].shape[0])\n\u001b[0m\u001b[1;32m    377\u001b[0m         \u001b[0;32mreturn\u001b[0m \u001b[0mself\u001b[0m\u001b[0;34m\u001b[0m\u001b[0m\n\u001b[1;32m    378\u001b[0m \u001b[0;34m\u001b[0m\u001b[0m\n",
      "\u001b[0;32m~/git_repos/inning/network_inference/twolayers.py\u001b[0m in \u001b[0;36mtwo_layers_graphical_lasso\u001b[0;34m(data_list, alpha1, alpha2, tau, mode, rho, tol, rtol, max_iter, verbose, return_n_iter, return_history, compute_objective, compute_emp_cov, random_state, n1, n2)\u001b[0m\n\u001b[1;32m    143\u001b[0m         \u001b[0mprint\u001b[0m\u001b[0;34m(\u001b[0m\u001b[0mK1\u001b[0m\u001b[0;34m)\u001b[0m\u001b[0;34m\u001b[0m\u001b[0m\n\u001b[1;32m    144\u001b[0m         \u001b[0;31m# update K2\u001b[0m\u001b[0;34m\u001b[0m\u001b[0;34m\u001b[0m\u001b[0m\n\u001b[0;32m--> 145\u001b[0;31m         \u001b[0mM\u001b[0m \u001b[0;34m=\u001b[0m \u001b[0mA2\u001b[0m \u001b[0;34m+\u001b[0m \u001b[0mnp\u001b[0m\u001b[0;34m.\u001b[0m\u001b[0mlinalg\u001b[0m\u001b[0;34m.\u001b[0m\u001b[0mmulti_dot\u001b[0m\u001b[0;34m(\u001b[0m\u001b[0;34m(\u001b[0m\u001b[0mR\u001b[0m\u001b[0;34m.\u001b[0m\u001b[0mT\u001b[0m\u001b[0;34m,\u001b[0m \u001b[0mnp\u001b[0m\u001b[0;34m.\u001b[0m\u001b[0mlinalg\u001b[0m\u001b[0;34m.\u001b[0m\u001b[0mpinv\u001b[0m\u001b[0;34m(\u001b[0m\u001b[0mK1\u001b[0m\u001b[0;34m)\u001b[0m\u001b[0;34m,\u001b[0m \u001b[0mR\u001b[0m\u001b[0;34m)\u001b[0m\u001b[0;34m)\u001b[0m \u001b[0;34m+\u001b[0m \u001b[0mU2\u001b[0m\u001b[0;34m\u001b[0m\u001b[0m\n\u001b[0m\u001b[1;32m    146\u001b[0m         \u001b[0mK2\u001b[0m \u001b[0;34m=\u001b[0m \u001b[0msoft_thresholding_od\u001b[0m\u001b[0;34m(\u001b[0m\u001b[0mM\u001b[0m\u001b[0;34m,\u001b[0m \u001b[0mlamda\u001b[0m\u001b[0;34m=\u001b[0m\u001b[0malpha2\u001b[0m \u001b[0;34m/\u001b[0m \u001b[0mrho\u001b[0m\u001b[0;34m)\u001b[0m\u001b[0;34m\u001b[0m\u001b[0m\n\u001b[1;32m    147\u001b[0m \u001b[0;34m\u001b[0m\u001b[0m\n",
